version=1
waveform=square
filter=lowpass
frequency=152.63
volume=0.4745
pan=0.5
attack=0.00347
decay=0.04576
sustain=0.386364
duration=0.058
release=0.12994
pitch_slide=4355.15
vibrato_depth=45.072
vibrato_rate=3.402
arpeggio_step_1=0
arpeggio_step_2=0
arpeggio_rate=0
duty=0.62086
duty_slide=0.91385
filter_cutoff=11716.3
filter_cutoff_slide=6942.6
filter_resonance=0.79296
