version=1
waveform=sine
filter=highpass
frequency=808.528
volume=0.26795
pan=0.5
attack=0
decay=0.0208
sustain=0.75
duration=0.19697
release=0.435606
pitch_slide=804.31
vibrato_depth=37.854
vibrato_rate=1.41
arpeggio_step_1=7
arpeggio_step_2=9.63636
arpeggio_rate=45.4545
duty=0.426361
duty_slide=0.51555
filter_cutoff=1079.55
filter_cutoff_slide=4090.91
filter_resonance=0.772727
